memory_initialization_radix=2;
memory_initialization_vector=
1111101111000000,
1111011010000110,
1111101110000000,
1111011010000111,
0100011000111110,
1111101001000000,
0000000000000001,
0100101000000000,
0000010011101011,
1111101111000000,
1111011010001001,
0100011000110111,
1111101110000000,
1111011010000111,
0100010111110000,
0000010111111011,
0100011000111110,
1111101111000000,
1111011010001000,
0100010101111000,
1111101110000000,
1111011010000111,
0100010111110000,
0100011000101111,
0001010111111000,
0100011000111110,
1111101111000000,
1111011010001001,
0100010101111000,
1111101110000000,
1111011010000111,
0100010111110000,
0100011000101111,
0001010111111000,
0100011000111110,
0100000100000000,
1111101110000000,
1111011010000111,
0100010111110000,
0001001111111000,
0100010100111000,
0100011000111110,
1111101110000000,
1111011010000111,
0100010111110000,
0001001111111000,
0100010101111000,
0100011000111110,
1111101011000000,
1111011010000111,
0100011000101011,
0100000100000000,
1111101011000000,
0000000000000000,
1111101111000000,
0000000000001001,
0100001100000111,
1111101111000000,
0000000001000011,
0011010111001000,
0100010011000000,
0100011000011010,
0001001000000000,
0001001010010000,
0001010001001000,
0100101000000000,
0000000000111011,
0100101000000000,
0000000000100100,
1111101011000000,
0000000000000000,
1111101111000000,
0000000000001001,
0100001100000111,
1111101111000000,
1111011010000111,
0100010110111000,
1111101111000000,
0000000000000011,
0000001111110111,
0100010001111000,
1111101111000000,
0000000001100000,
1111101110000000,
0000000000000000,
0010110000110000,
0100010010001000,
0010100011110010,
0011010111011000,
0001001000000000,
0010011011110010,
0011010111011000,
0001001000000000,
0001001001001000,
0100101000000000,
0000000001010110,
0100101000000000,
0000000000100100,
1111101011000000,
0000000000000000,
1111101111000000,
0000000000001001,
0100001100000111,
1111101111000000,
1111011010000111,
0100010110111000,
1111101000000000,
1111101100111100,
1111101111000000,
0000000000000011,
0000001111110111,
0100010100111000,
0010011100100100,
1111101001000000,
0000010010110000,
0000001101000001,
0000010001000101,
1111101111000000,
0000000001111100,
0011010111001000,
0100011000100000,
0001001000000000,
0100101000000000,
0000000001110100,
0100101000000000,
0000000000100100,
1111101011000000,
0000000000000000,
1111101111000000,
0000000000001001,
0100001100000111,
1111101111000000,
1111011010000111,
0100010110111000,
1111101111000000,
0000000000000011,
0000001111110111,
0100010000111000,
1111101111000000,
0000000000000100,
0000001111110111,
0100010001111000,
1111101111000000,
0000000000000101,
0000001111110111,
0100010010111000,
1111101111000000,
0000000000000110,
0000001111110111,
0100010011111000,
1111101111000000,
0000000000000111,
0000001111110111,
0100010100111000,
1111101111000000,
0000000000101000,
0000111001001111,
0000001001001000,
1111101110000000,
0000010010110000,
1111101111000000,
0000000010100101,
0101001111001110,
0100101000000000,
0000000000100100,
0000001001001110,
1111101111000000,
0000000000001111,
0001011011011111,
0001011100100111,
1111101111000000,
0000000000001100,
0001111011011111,
1111101111000000,
0000000000001000,
0001111011100111,
0000001000011100,
0000001000000010,
0100010001000000,
0100101000000000,
0000000000100100,
1111101011000000,
0000000000000000,
1111101111000000,
0000000000001001,
0100001100000111,
1111101111000000,
1111011010000111,
0100010110111000,
1111101111000000,
0000000000000011,
0000001111110111,
0100010000111000,
1111101111000000,
0000000000000100,
0000001111110111,
0100010001111000,
1111101111000000,
0000000000000101,
0000001111110111,
0100010010111000,
1111101111000000,
0000000000000111,
0000001111110111,
0100010011111000,
1111101111000000,
0000000000000110,
0000001111110111,
0100010100111000,
1111101111000000,
0000000000001111,
0001011011011111,
1111101111000000,
0000000000001000,
0001111011011111,
1111101111000000,
0000000000001111,
0001011100100111,
1111101111000000,
0000000000001100,
0001111100100111,
0001100110011100,
1111101100000000,
0000000000101000,
0000101100100010,
0000001100100001,
1111101111000000,
1111101100111100,
0000001100100111,
1111101101000000,
0000010010110000,
0000001101101111,
1111101011000000,
0000000000000000,
0000010001100101,
1111101111000000,
0000000100001010,
0011010111001000,
1111101001000000,
0000000000000000,
0100010010000000,
1111101111000000,
0000000011110111,
0011011111011000,
0010100001001010,
0100101000000000,
0000000011111000,
0010011001001010,
1111101111000000,
0000000100001010,
0011010111001000,
1111101111000000,
0000000000100000,
0000010001001111,
0000001001001110,
0100011000001100,
0001001100100000,
0001101011011000,
1111101111000000,
0000000100000111,
0011010111011000,
0100101000000000,
0000000011101010,
0001001000000000,
0100101000000000,
0000000011101010,
0100101000000000,
0000000000100100,
1111101011000000,
0000000000000000,
1111101111000000,
0000000000001001,
0100001100000111,
1111101111000000,
1111011010000111,
0100010110111000,
1111101111000000,
0000000000000011,
0000001111110111,
0100010000111000,
1111101111000000,
1111011010000111,
0100010111111000,
1111101110000000,
1111011010001000,
0100011000111110,
1111101110000000,
1111011010000111,
0100010111110000,
0100011000000111,
0001010111111000,
0100011000111110,
1111101111000000,
0000000001000101,
0100001110000111,
1111101111000000,
0000000000000001,
1111101110000000,
0000000000101000,
0000010000110000,
0010000000000111,
1111101111000000,
1111011010000111,
0100010110111000,
1111101111000000,
0000000000000011,
0000001111110111,
0100010001111000,
1111101111000000,
0000000000000100,
0000001111110111,
0100010010111000,
1111101111000000,
0000000000000101,
0000001111110111,
0100010011111000,
1111101111000000,
0000000000000110,
0000001111110111,
0100010100111000,
1111101111000000,
1111011010000111,
0100010111111000,
1111101110000000,
1111011010001000,
0100011000111110,
1111101110000000,
1111011010000111,
0100010111110000,
0100011000100111,
0001010111111000,
0100011000111110,
1111101110000000,
1111011010000111,
0100010111110000,
0100011000011111,
0001010111111000,
0100011000111110,
1111101110000000,
1111011010000111,
0100010111110000,
0100011000010111,
0001010111111000,
0100011000111110,
1111101110000000,
1111011010000111,
0100010111110000,
0100011000000111,
0001010111111000,
0100011000111110,
1111101110000000,
1111011010000111,
0100010111110000,
0100011000001111,
0001010111111000,
0100011000111110,
1111101111000000,
0000000010110101,
0100001110000111,
0100101000000000,
0000000000100100,
0100100001000011,
0100111101001111,
0100010101010011,
0100010000100000,
0101011001000101,
0100001101001001,
0010000001000101,
0100111101001101,
0100010101000100,
0000000000000000,
0100010101010011,
0010000001000001,
0100000101000010,
0101010001010100,
0100010101001100,
0000000000000000,
0110001100100000,
0110100101101100,
0110111001100101,
0000000001110100,
0111001100100000,
0111001001100101,
0110010101110110,
0000000001110010,
0100001100111110,
0100100101001100,
0100111001000101,
0000000001010100,
0101001100111110,
0101001001000101,
0100010101010110,
0000000001010010,
0111001001010000,
0111001101100101,
0010000001110011,
0101000001010101,
0100010000101111,
0101011101001111,
0010000001001110,
0110111101110100,
0110001100100000,
0110000101101000,
0110011101101110,
0000000001100101,
0111001001010000,
0111001101100101,
0010000001110011,
0100111001000101,
0100010101010100,
0010000001010010,
0110111101110100,
0110001100100000,
0110111001101111,
0110100101100110,
0110110101110010,
0000000000000000,
1111101011000000,
0000000000000000,
1111101111000000,
0000000000001001,
0100001100000111,
1111101000000000,
0000000101110011,
1111101001000000,
0000000000000011,
1111101010000000,
0000000000000010,
1111101011000000,
0000000000001110,
1111101111000000,
1111011010000111,
0100010111111000,
1111101110000000,
1111011010001000,
0100011000111110,
1111101110000000,
1111011010000111,
0100010111110000,
0100011000011111,
0001010111111000,
0100011000111110,
1111101110000000,
1111011010000111,
0100010111110000,
0100011000010111,
0001010111111000,
0100011000111110,
1111101110000000,
1111011010000111,
0100010111110000,
0100011000001111,
0001010111111000,
0100011000111110,
1111101110000000,
1111011010000111,
0100010111110000,
0100011000000111,
0001010111111000,
0100011000111110,
1111101111000000,
0000000100001100,
0100001110000111,
1111101000000000,
0000000101101001,
1111101001000000,
0000000000000101,
1111101010000000,
0000000000000010,
1111101011000000,
0000000000000000,
1111101111000000,
1111011010000111,
0100010111111000,
1111101110000000,
1111011010001000,
0100011000111110,
1111101110000000,
1111011010000111,
0100010111110000,
0100011000011111,
0001010111111000,
0100011000111110,
1111101110000000,
1111011010000111,
0100010111110000,
0100011000010111,
0001010111111000,
0100011000111110,
1111101110000000,
1111011010000111,
0100010111110000,
0100011000001111,
0001010111111000,
0100011000111110,
1111101110000000,
1111011010000111,
0100010111110000,
0100011000000111,
0001010111111000,
0100011000111110,
1111101111000000,
0000000100001100,
0100001110000111,
1111101000000000,
0000000110001001,
1111101001000000,
0000000000011011,
1111101010000000,
0000000000001110,
1111101011000000,
0000000000000000,
1111101111000000,
1111011010000111,
0100010111111000,
1111101110000000,
1111011010001000,
0100011000111110,
1111101110000000,
1111011010000111,
0100010111110000,
0100011000011111,
0001010111111000,
0100011000111110,
1111101110000000,
1111011010000111,
0100010111110000,
0100011000010111,
0001010111111000,
0100011000111110,
1111101110000000,
1111011010000111,
0100010111110000,
0100011000001111,
0001010111111000,
0100011000111110,
1111101110000000,
1111011010000111,
0100010111110000,
0100011000000111,
0001010111111000,
0100011000111110,
1111101111000000,
0000000100001100,
0100001110000111,
1111101000000000,
0000000110010101,
1111101001000000,
0000000000011100,
1111101010000000,
0000000000001110,
1111101011000000,
0000000000000000,
1111101111000000,
1111011010000111,
0100010111111000,
1111101110000000,
1111011010001000,
0100011000111110,
1111101110000000,
1111011010000111,
0100010111110000,
0100011000011111,
0001010111111000,
0100011000111110,
1111101110000000,
1111011010000111,
0100010111110000,
0100011000010111,
0001010111111000,
0100011000111110,
1111101110000000,
1111011010000111,
0100010111110000,
0100011000001111,
0001010111111000,
0100011000111110,
1111101110000000,
1111011010000111,
0100010111110000,
0100011000000111,
0001010111111000,
0100011000111110,
1111101111000000,
0000000100001100,
0100001110000111,
1111101111000000,
1000000000000000,
1111101110000000,
0000000000010101,
0000001111111110,
0100010000111000,
1111101111000000,
0000001010100111,
0011010111000000,
1111101000000000,
0000000101111001,
1111101001000000,
0000000000001101,
1111101010000000,
0000000000000010,
1111101011000000,
0000000000000000,
1111101111000000,
1111011010000111,
0100010111111000,
1111101110000000,
1111011010001000,
0100011000111110,
1111101110000000,
1111011010000111,
0100010111110000,
0100011000011111,
0001010111111000,
0100011000111110,
1111101110000000,
1111011010000111,
0100010111110000,
0100011000010111,
0001010111111000,
0100011000111110,
1111101110000000,
1111011010000111,
0100010111110000,
0100011000001111,
0001010111111000,
0100011000111110,
1111101110000000,
1111011010000111,
0100010111110000,
0100011000000111,
0001010111111000,
0100011000111110,
1111101111000000,
0000000100001100,
0100001110000111,
1111101000000000,
0000000110000101,
1111101001000000,
0000000000010001,
1111101010000000,
0000000000000000,
1111101011000000,
0000000000000010,
1111101111000000,
1111011010000111,
0100010111111000,
1111101110000000,
1111011010001000,
0100011000111110,
1111101110000000,
1111011010000111,
0100010111110000,
0100011000011111,
0001010111111000,
0100011000111110,
1111101110000000,
1111011010000111,
0100010111110000,
0100011000010111,
0001010111111000,
0100011000111110,
1111101110000000,
1111011010000111,
0100010111110000,
0100011000001111,
0001010111111000,
0100011000111110,
1111101110000000,
1111011010000111,
0100010111110000,
0100011000000111,
0001010111111000,
0100011000111110,
1111101111000000,
0000000100001100,
0100001110000111,
0100101000000000,
0000000000100100,
1111101000000000,
0000000110000001,
1111101001000000,
0000000000001101,
1111101010000000,
0000000000000000,
1111101011000000,
0000000000000010,
1111101111000000,
1111011010000111,
0100010111111000,
1111101110000000,
1111011010001000,
0100011000111110,
1111101110000000,
1111011010000111,
0100010111110000,
0100011000011111,
0001010111111000,
0100011000111110,
1111101110000000,
1111011010000111,
0100010111110000,
0100011000010111,
0001010111111000,
0100011000111110,
1111101110000000,
1111011010000111,
0100010111110000,
0100011000001111,
0001010111111000,
0100011000111110,
1111101110000000,
1111011010000111,
0100010111110000,
0100011000000111,
0001010111111000,
0100011000111110,
1111101111000000,
0000000100001100,
0100001110000111,
1111101000000000,
0000000101111101,
1111101001000000,
0000000000010001,
1111101010000000,
0000000000000010,
1111101011000000,
0000000000000000,
1111101111000000,
1111011010000111,
0100010111111000,
1111101110000000,
1111011010001000,
0100011000111110,
1111101110000000,
1111011010000111,
0100010111110000,
0100011000011111,
0001010111111000,
0100011000111110,
1111101110000000,
1111011010000111,
0100010111110000,
0100011000010111,
0001010111111000,
0100011000111110,
1111101110000000,
1111011010000111,
0100010111110000,
0100011000001111,
0001010111111000,
0100011000111110,
1111101110000000,
1111011010000111,
0100010111110000,
0100011000000111,
0001010111111000,
0100011000111110,
1111101111000000,
0000000100001100,
0100001110000111,
0100101000000000,
0000000000100100,
0010111000101110,
0000000000101110,
0010111000101010,
0000000000101110,
0010101000101110,
0000000000101110,
0010111000101110,
0000000000101010,
0100000101010111,
0101010001001001,
0100111001001001,
0010000001000111,
0100111101000110,
0010000001010010,
0100111101000011,
0100111001001110,
0100001101000101,
0100100101010100,
0100111001001111,
0000000000000000,
0110000101010111,
0111010001101001,
0110111001101001,
0010000001100111,
0110111101100110,
0010000001110010,
0110110001100011,
0110010101101001,
0111010001101110,
0000000000000000,
0110000101010111,
0111010001101001,
0110111001101001,
0010000001100111,
0110111101100110,
0010000001110010,
0110010101110011,
0111011001110010,
0111001001100101,
0000000000000000,
0111001001010000,
0111001101100101,
0010000001110011,
0101001101000101,
0010000001000011,
0110111101110100,
0110001100100000,
0110111001100001,
0110010101100011,
0000000001101100,
1111101011000000,
0000000000000000,
1111101111000000,
0000000000001001,
0100001100000111,
1111101000000000,
0000000000000000,
1111101111000000,
1111011010000111,
0100010111111000,
1111101110000000,
1111011010001000,
0100011000111110,
1111101110000000,
1111011010000111,
0100010111110000,
0100011000000111,
0001010111111000,
0100011000111110,
1111101111000000,
0000000001100010,
0100001110000111,
1111101000000000,
0000001100000011,
1111101001000000,
0000000000001010,
1111101010000000,
0000000000000111,
1111101011000000,
0000000000000000,
1111101111000000,
1111011010000111,
0100010111111000,
1111101110000000,
1111011010001000,
0100011000111110,
1111101110000000,
1111011010000111,
0100010111110000,
0100011000011111,
0001010111111000,
0100011000111110,
1111101110000000,
1111011010000111,
0100010111110000,
0100011000010111,
0001010111111000,
0100011000111110,
1111101110000000,
1111011010000111,
0100010111110000,
0100011000001111,
0001010111111000,
0100011000111110,
1111101110000000,
1111011010000111,
0100010111110000,
0100011000000111,
0001010111111000,
0100011000111110,
1111101111000000,
0000000100001100,
0100001110000111,
1111101000000000,
0000001100100011,
1111101001000000,
0000000000011011,
1111101010000000,
0000000000001000,
1111101011000000,
0000000000000000,
1111101111000000,
1111011010000111,
0100010111111000,
1111101110000000,
1111011010001000,
0100011000111110,
1111101110000000,
1111011010000111,
0100010111110000,
0100011000011111,
0001010111111000,
0100011000111110,
1111101110000000,
1111011010000111,
0100010111110000,
0100011000010111,
0001010111111000,
0100011000111110,
1111101110000000,
1111011010000111,
0100010111110000,
0100011000001111,
0001010111111000,
0100011000111110,
1111101110000000,
1111011010000111,
0100010111110000,
0100011000000111,
0001010111111000,
0100011000111110,
1111101111000000,
0000000100001100,
0100001110000111,
1111101111000000,
1000000000000000,
1111101110000000,
0000000000010101,
0000001111111110,
0100010000111000,
1111101111000000,
0000001111001001,
0011010111000000,
1111101000000000,
0000001100001111,
1111101001000000,
0000000000001100,
1111101010000000,
0000000000000111,
1111101011000000,
0000000000000000,
1111101111000000,
1111011010000111,
0100010111111000,
1111101110000000,
1111011010001000,
0100011000111110,
1111101110000000,
1111011010000111,
0100010111110000,
0100011000011111,
0001010111111000,
0100011000111110,
1111101110000000,
1111011010000111,
0100010111110000,
0100011000010111,
0001010111111000,
0100011000111110,
1111101110000000,
1111011010000111,
0100010111110000,
0100011000001111,
0001010111111000,
0100011000111110,
1111101110000000,
1111011010000111,
0100010111110000,
0100011000000111,
0001010111111000,
0100011000111110,
1111101111000000,
0000000100001100,
0100001110000111,
0100101000000000,
0000001111110010,
1111101000000000,
0000001100011001,
1111101001000000,
0000000000001100,
1111101010000000,
0000000000000111,
1111101011000000,
0000000000000000,
1111101111000000,
1111011010000111,
0100010111111000,
1111101110000000,
1111011010001000,
0100011000111110,
1111101110000000,
1111011010000111,
0100010111110000,
0100011000011111,
0001010111111000,
0100011000111110,
1111101110000000,
1111011010000111,
0100010111110000,
0100011000010111,
0001010111111000,
0100011000111110,
1111101110000000,
1111011010000111,
0100010111110000,
0100011000001111,
0001010111111000,
0100011000111110,
1111101110000000,
1111011010000111,
0100010111110000,
0100011000000111,
0001010111111000,
0100011000111110,
1111101111000000,
0000000100001100,
0100001110000111,
1111101000000000,
0000001011111011,
1111101111000000,
1000000000000000,
1111101110000000,
0000000000010010,
0000001111111110,
0100010001111000,
0000001000000001,
1111101001000000,
0000000000001110,
1111101010000000,
0000000000000111,
1111101011000000,
0000000000000000,
1111101111000000,
1111011010000111,
0100010111111000,
1111101110000000,
1111011010001000,
0100011000111110,
1111101110000000,
1111011010000111,
0100010111110000,
0100011000011111,
0001010111111000,
0100011000111110,
1111101110000000,
1111011010000111,
0100010111110000,
0100011000010111,
0001010111111000,
0100011000111110,
1111101110000000,
1111011010000111,
0100010111110000,
0100011000001111,
0001010111111000,
0100011000111110,
1111101110000000,
1111011010000111,
0100010111110000,
0100011000000111,
0001010111111000,
0100011000111110,
1111101111000000,
0000000100001100,
0100001110000111,
0100101000000000,
0000000000100100,
1111101011000000,
0000000000000000,
1111101111000000,
0000000000001001,
0100001100000111,
1111101110000000,
0000000000000000,
1111101111000000,
1000000000000000,
0000001110110111,
1111101000000000,
0000000000000000,
1111101001000000,
0000000000001001,
1111101111000000,
0000010000111100,
0100110111000001,
0000001001000110,
0100010010001000,
0010100010010010,
0100011000010001,
0001001000000000,
0100101000000000,
0000010000110000,
1111101000000000,
1111111111111101,
0100010000000000,
1111101111000000,
0000010011101001,
0011010111000000,
1111101001000000,
0000000111111111,
0001011001001000,
1111101010000000,
0000000000010101,
1111101111000000,
0000010001010111,
0100111111001010,
1111101111000000,
1000000000000000,
1111101011000000,
0000000000000100,
0000001011011111,
1111101001000000,
0000001000000000,
0001011001001000,
0100010010011000,
0010101010010001,
0100011000010011,
0100101000000000,
0000010000111100,
1111101010000000,
0000000000100100,
0000010010001010,
1111101111000000,
0000010001101010,
0011011111010000,
1111101111000000,
1000000000000000,
1111101011000000,
0000000000000101,
0000001011011111,
1111101001000000,
0000001000000000,
0001011001001000,
0100010010011000,
0010101010010001,
0100011000010011,
0100101000000000,
0000010000111100,
1111101010000000,
0000000000101101,
0000010010001010,
1111101111000000,
0000010001111101,
0011011111010000,
1111101111000000,
1000000000000000,
1111101011000000,
0000000000000110,
0000001011011111,
1111101001000000,
0000001000000000,
0001011001001000,
0100010010011000,
0010101010010001,
0100011000010011,
0100101000000000,
0000010000111100,
1111101010000000,
0000000001011010,
1111101111000000,
0000010010001111,
0100111111001010,
1111101111000000,
1000000000000000,
1111101011000000,
0000000000000111,
0000001011011111,
1111101001000000,
0000001000000000,
0001011001001000,
0100010010011000,
0010101010010001,
0100011000010011,
0100101000000000,
0000010000111100,
1111101010000000,
0000000001110110,
1111101111000000,
0000010010100001,
0100111111001010,
1111101111000000,
1000000000000000,
1111101011000000,
0000000000001000,
0000001011011111,
1111101001000000,
0000001000000000,
0001011001001000,
0100010010011000,
0010101010010001,
0100011000010011,
0100101000000000,
0000010000111100,
1111101010000000,
0000000101110101,
1111101111000000,
0000010010110011,
0100111111010001,
1111101111000000,
1000000000000000,
1111101011000000,
0000000000000000,
0000001011011111,
1111101001000000,
0000001000000000,
0001011001001000,
0100010010011000,
0010101010010001,
0100011000010011,
0100101000000000,
0000010000111100,
1111101010000000,
0000000101101011,
1111101111000000,
0000010011000101,
0100111111001010,
1111101111000000,
1000000000000000,
1111101011000000,
0000000000000001,
0000001011011111,
1111101001000000,
0000001000000000,
0001011001001000,
0100010010011000,
0010101010010001,
0100011000010011,
0100101000000000,
0000010000111100,
1111101010000000,
0000000101110010,
1111101111000000,
0000010011010111,
0100111111001010,
1111101111000000,
1000000000000000,
1111101011000000,
0000000000000010,
0000001011011111,
1111101001000000,
0000001000000000,
0001011001001000,
0100010010011000,
0010101010010001,
0100011000010011,
0100101000000000,
0000010000111100,
1111101010000000,
0000000101110100,
1111101111000000,
0000010000111100,
0100111111001010,
1111101111000000,
1000000000000000,
1111101011000000,
0000000000000011,
0000001011011111,
1111101001000000,
0000001000000000,
0001011001001000,
0100010010011000,
0010101010010001,
0100011000010011,
0100101000000000,
0000010000111100,
0100101000000000,
0000000000100100,
1111101110000000,
1111011010000111,
0100010111110000,
0100011000001111,
0001010111111000,
0100011000111110,
1111101111000000,
1111011010000111,
0100010111111000,
1111101110000000,
1111011010001000,
0100011000111110,
1111101111000000,
0000010000100100,
0100001110000111,
1111101110000000,
1111011010000111,
0100010111110000,
0001001111111000,
0100010001111000,
0100011000111110,
1111101110000000,
1111011010000111,
0100010111110000,
0100011000001111,
0001010111111000,
0100011000111110,
1111101111000000,
0000000000000000,
1111101110000000,
1000000000000000,
0000001111110111,
0100010010111000,
1111101000000000,
0000000000000000,
0010100001000010,
0010011010000010,
0001101010010000,
0001011000010001,
1111101110000000,
1111011010000111,
0100010111110000,
0001001111111000,
0100010001111000,
0100011000111110,
1111101111000000,
0000010100011111,
0011010111000000,
0001001001001000,
1111101111000000,
0000000000001111,
0001011001001111,
1111101110000000,
1111011010000111,
0100010111110000,
0100011000001111,
0001010111111000,
0100011000111110,
1111101111000000,
0000000000000010,
1111101110000000,
1000000000000000,
0000001111110111,
0100010010111000,
1111101000000000,
0000000000000000,
0010100001000010,
0010011010000010,
0001101010010000,
0001011000010001,
1111101110000000,
1111011010000111,
0100010111110000,
0001001111111000,
0100010001111000,
0100011000111110,
1111101111000000,
0000010100111110,
0011010111000000,
0001010001001000,
1111101111000000,
0000000000001111,
0001011001001111,
1111101110000000,
1111011010000111,
0100010111110000,
0100011000001111,
0001010111111000,
0100011000111110,
1111101111000000,
0000000000000111,
1111101110000000,
1000000000000000,
0000001111110111,
0100010010111000,
1111101000000000,
0000000000000000,
0010100001000010,
0010011010000010,
0001101010010000,
0001011000010001,
1111101110000000,
1111011010000111,
0100010111110000,
0001001111111000,
0100010001111000,
0100011000111110,
1111101111000000,
0000010101110010,
0011010111000000,
1111101110000000,
1111011010000111,
0100010111110000,
0100011000001111,
0001010111111000,
0100011000111110,
1111101111000000,
1111111111101100,
1111101110000000,
0000000000001001,
0000001111111110,
0100011000001111,
1111101111000000,
1111111111101100,
1111101110000000,
0000001000000000,
0100010101111000,
0001100101101110,
0100011000101111,
1111101110000000,
1111011010000111,
0100010111110000,
0001001111111000,
0100010001111000,
0100011000111110,
1111101110000000,
1111011010000111,
0100010111110000,
0100011000001111,
0001010111111000,
0100011000111110,
1111101111000000,
1111111111101100,
0100010000111000,
1111101110000000,
1111011010000111,
0100010111110000,
0001001111111000,
0100010001111000,
0100011000111110,
1111101111000000,
0000010110010110,
0011010111000000,
1111101111000000,
1111111111101100,
1111101110000000,
0000000100000000,
0100010101111000,
0001100101101110,
0100011000101111,
1111101111000000,
1111111111101100,
1111101110000000,
0000000000000001,
0000001111111110,
0100010001111000,
1111101111000000,
0000000000001111,
0001011001001111,
0100101000000000,
0000010101110010,
1111101110000000,
1111011010000111,
0100010111110000,
0100011000001111,
0001010111111000,
0100011000111110,
1111101111000000,
1111011010000111,
0100010111111000,
1111101110000000,
1111011010001000,
0100011000111110,
1111101110000000,
1111011010000111,
0100010111110000,
0100011000001111,
0001010111111000,
0100011000111110,
1111101111000000,
0000000001100010,
0100001110000111,
1111101111000000,
1111011010000111,
0100010111111000,
1111101110000000,
1111011010001000,
0100011000111110,
1111101000000000,
1111101100111100,
1111101001000000,
0000010010110000,
1111101010000000,
1111011010001100,
1111101111000000,
0000000000110100,
0100001110000111,
1111101110000000,
1111011010000111,
0100010111110000,
0001001111111000,
0100010001111000,
0100011000111110,
0100101000000000,
0000010011101011
;
